d0   	 d1      d2     d3       d4     d5
a0  |a1-a0| |a2-a1| |a3-a2| |a4-a3| |a5-a4|

a0 = d0
a1 = d1+a0
a2 = d2+a1
a3 = d3+a2
a4 = d4+a3
a5 = d5+a4


-------
2 6 3

d0 = 2
d1 = 6
d2 = 3

a0 = 2
a1 = 6 + 2
   = 8
a2 = 3 + 8
   = 11
a2 = 3 - 8
   = 5

2 8 11


5
19
0 0 6 0 0 0 0 0 0 58 0 0 0 0 27 0 44 0 0
99
0 0 0 0 0 0 0 0 0 0 0 0 0 0 0 0 0 0 0 0 0 0 0 0 0 0 0 0 1 0 0 0 0 0 0 0 0 0 0 0 0 0 0 0 0 0 0 0 0 0 0 0 0 0 7 0 0 0 0 0 0 0 0 0 0 0 0 0 0 0 0 0 35 0 0 0 0 0 0 0 0 0 26 0 0 0 35 0 0 0 0 0 0 0 0 0 0 0 0
52
0 0 0 0 0 0 0 0 0 0 0 0 0 0 0 0 0 0 0 0 0 0 0 0 0 0 0 0 0 0 8 44 0 0 0 0 0 0 0 0 0 0 0 0 0 0 0 58 0 0 0 0
24
0 0 0 0 0 25 0 32 0 0 0 0 0 0 0 0 0 0 16 0 0 0 0 0
29
0 0 0 0 9 0 0 44 0 0 0 0 0 0 0 0 0 0 0 0 0 0 0 24 0 0 0 0 0













